---
startPose:
  x: 0.0
  y: 0.0
  heading: 1.5707963267948966
startTangent: 0.017453292519943295
waypoints:
- position:
    x: 30.0
    y: 30.0
  heading: 0.0
  tangent: 0.017453292519943295
  interpolationType: "TANGENT"
resolution: 0.25
version: 1
